% The Solar-SPAM model = based on TIMED SEE data from 22.01.2002 to 24.11.2016 :  
% F(f) = p1*f^2 + p2*f + p3 
% F - photon energy flux,  [W m^-2 nm^-1]
% f == f107 - measured solar radio flux at 10.7 cm,  [10^-22 W m^-2]

%lambda  p1              p2              p3              CC    RMSE            I_aver           std         
0.5    -2.58825263e-10  2.09144982e-07 -1.23612166e-05  0.83  3.14245291e-06  6.31530019e-06  5.63692606e-06 
1.5    -4.94024181e-09  3.22175699e-06 -1.80553335e-04  0.93  2.67305197e-05  9.59205027e-05  7.04414561e-05 
2.5    -1.51234762e-09  8.72873177e-07 -3.59300652e-05  0.96  4.64649582e-06  3.69271327e-05  1.70466162e-05 
3.5    -8.19051896e-10  4.76131943e-07 -1.75069528e-05  0.96  2.57208191e-06  2.23044221e-05  9.34971028e-06 
4.5    -1.25299002e-09  7.18966612e-07 -2.30913459e-05  0.96  3.78321360e-06  3.68335311e-05  1.39783172e-05 
5.5    -1.05306909e-09  6.00386365e-07 -1.72945105e-05  0.96  3.13381799e-06  3.26675197e-05  1.16192412e-05 
6.5    -1.24449248e-09  7.07626722e-07 -2.22302072e-05  0.96  3.69094684e-06  3.66168191e-05  1.36708760e-05 
7.5    -2.59694610e-09  1.45374662e-06 -6.31698909e-05  0.96  7.43469515e-06  5.72510536e-05  2.77663211e-05 
8.5    -2.16866639e-09  1.21455389e-06 -4.96505577e-05  0.96  6.21501074e-06  5.09685464e-05  2.32056086e-05 
9.5    -1.52361462e-09  8.68533191e-07 -3.02456892e-05  0.96  4.53196359e-06  4.20279825e-05  1.68067430e-05 
10.5    -1.01521500e-09  5.78430109e-07 -1.79161041e-05  0.96  3.02874105e-06  3.02110673e-05  1.11923388e-05 
11.5    -5.92986152e-10  3.39846459e-07 -7.46323908e-06  0.96  1.86757596e-06  2.08540907e-05  6.62433308e-06 
12.5    -3.91620799e-10  2.22633150e-07 -6.85281881e-06  0.96  1.16787269e-06  1.16606688e-05  4.30236828e-06 
13.5    -3.68662392e-10  2.14384736e-07 -5.53046688e-06  0.96  1.20433914e-06  1.23966251e-05  4.22365188e-06 
14.5    -8.15473279e-10  4.56904530e-07 -1.28641555e-05  0.96  2.34443139e-06  2.49921100e-05  8.73395887e-06 
15.5    -1.05314223e-09  5.90337830e-07 -2.51992115e-05  0.96  3.02143819e-06  2.37181593e-05  1.12858808e-05 
16.5    -1.71833912e-09  9.58528730e-07 -2.37694140e-05  0.96  4.91384954e-06  5.55590553e-05  1.82690041e-05 
17.5    -7.84248508e-09  4.35156360e-06 -6.77832612e-05  0.96  2.24071577e-05  2.91866127e-04  8.26773679e-05 
18.5    -5.35989584e-09  2.98171616e-06 -7.78638812e-05  0.96  1.53019138e-05  1.68732701e-04  5.67328187e-05 
19.5    -5.64009182e-09  3.15119971e-06 -1.24435988e-04  0.96  1.61351843e-05  1.36465540e-04  6.01173698e-05 
20.5    -4.90601610e-09  2.74377445e-06 -1.31174042e-04  0.96  1.40380060e-05  9.60521782e-05  5.23753942e-05 
21.5    -4.26086127e-09  2.38514084e-06 -1.14409417e-04  0.96  1.22091037e-05  8.31624107e-05  4.55581493e-05 
22.5    -3.19159017e-09  1.77982999e-06 -5.49342607e-05  0.96  9.12119600e-06  9.23548361e-05  3.39153607e-05 
23.5    -1.75266637e-09  9.77475268e-07 -2.67796958e-05  0.96  5.01372608e-06  5.41125365e-05  1.86283427e-05 
24.5    -2.43810818e-09  1.36192347e-06 -4.57043670e-05  0.96  6.97290978e-06  6.70492487e-05  2.59785872e-05 
25.5    -3.98387625e-09  2.22551933e-06 -7.70072803e-05  0.96  1.13958300e-05  1.07246205e-04  4.24536289e-05 
26.5    -2.00773403e-09  1.12849376e-06 -5.67602506e-05  0.96  5.77108499e-06  3.68148303e-05  2.16107880e-05 
27.5    -1.19730867e-09  5.65394676e-07 -5.85964757e-06  0.94  3.19981683e-06  3.87686845e-05  9.61102432e-06 
28.5    -1.46295195e-09  1.01404261e-06 -3.58365291e-05  0.93  8.68678105e-06  5.22665365e-05  2.28917991e-05 
29.5    -8.15084563e-10  4.34467210e-07  3.65433670e-06  0.93  3.03848274e-06  3.91844897e-05  8.29175028e-06 
30.5    -7.05077152e-09  4.04741769e-06  1.43586031e-04  0.94  2.75155631e-05  4.80967201e-04  8.06154484e-05 
31.5    -7.77266741e-10  4.68802536e-07  1.08074811e-05  0.93  3.64885891e-06  5.03496721e-05  9.76812576e-06 
32.5    -5.61602010e-10  2.83431306e-07 -3.27491491e-06  0.92  2.03502960e-06  1.95519103e-05  5.23086960e-06 
33.5     6.11880133e-10  6.52060422e-07 -2.90103367e-05  0.91  1.14428500e-05  4.59298376e-05  2.75026358e-05 
34.5    -2.13887412e-09  9.00810935e-07 -1.41575668e-05  0.93  5.08999204e-06  5.42221924e-05  1.37759741e-05 
35.5    -2.29655541e-09  1.06445240e-06 -3.23960927e-05  0.94  6.31089521e-06  5.11247920e-05  1.79089653e-05 
36.5    -1.69356060e-09  1.14642019e-06 -1.49427472e-05  0.93  9.15296502e-06  8.41949202e-05  2.53661129e-05 
37.5    -4.44754965e-10  2.24144087e-07  2.29852502e-06  0.94  1.39955751e-06  2.03431257e-05  4.05549532e-06 
38.5    -2.57264554e-10  1.20451838e-07  1.08315857e-07  0.95  6.47189724e-07  9.59015818e-06  2.02153596e-06 
39.5    -1.90799471e-10  8.54129718e-08 -3.66570920e-07  0.95  4.29404481e-07  6.25844030e-06  1.36772328e-06 
40.5    -1.63110170e-10  7.67917532e-08  2.48479107e-06  0.94  4.43317217e-07  8.54040384e-06  1.30499764e-06 
41.5    -2.64676272e-10  1.61050402e-07 -5.64014188e-06  0.94  1.09306430e-06  7.97160402e-06  3.31511579e-06 
42.5    -8.80727378e-11  5.09406819e-08  1.64104876e-06  0.94  3.40898878e-07  5.89518719e-06  1.01732677e-06 
43.5    -1.29810569e-11  3.70763160e-08  8.20072441e-06  0.82  7.51972352e-07  1.18991542e-05  1.30795580e-06 
44.5    -1.92736419e-10  9.35286333e-08  2.78944317e-08  0.95  5.03560346e-07  7.47311100e-06  1.61752748e-06 
45.5    -1.07354187e-10  5.33853880e-08  3.23226206e-06  0.94  3.25167635e-07  7.51324094e-06  9.53536465e-07 
46.5     7.14925370e-11  2.28505089e-08  1.60620921e-05  0.85  7.85818717e-07  1.92777724e-05  1.47361243e-06 
47.5    -1.65354143e-10  7.61012429e-08  3.10560608e-06  0.95  3.96736808e-07  9.06306120e-06  1.25435466e-06 
48.5    -3.12973348e-10  1.39150026e-07  3.17305408e-06  0.95  6.77782659e-07  1.39410213e-05  2.20708817e-06 
49.5    -8.48676578e-10  3.82780831e-07 -8.99955570e-06  0.95  1.84750385e-06  2.07659807e-05  6.14904796e-06 
50.5    -6.92148698e-10  3.05273387e-07 -2.21022224e-06  0.95  1.42588987e-06  2.13478297e-05  4.78619795e-06 
51.5    -3.52451773e-10  1.49567940e-07 -2.77810793e-06  0.95  6.67205223e-07  8.60703330e-06  2.24575928e-06 
52.5    -4.88285423e-10  2.06597500e-07 -5.71616451e-06  0.95  9.23676788e-07  9.99305327e-06  3.09295643e-06 
53.5    -1.51950475e-10  6.22135728e-08  4.00946070e-06  0.92  3.69972956e-07  8.68219921e-06  9.31048031e-07 
54.5    -1.47270077e-10  5.88009296e-08  1.18884773e-06  0.95  2.61720547e-07  5.56222342e-06  8.24609892e-07 
55.5    -2.67639507e-10  9.72464276e-08  2.22162082e-05  0.63  1.37799232e-06  2.91653732e-05  1.77993425e-06 
56.5    -1.01960607e-10  4.67610258e-08  3.41494514e-06  0.93  2.80937628e-07  7.07134199e-06  7.80920103e-07 
57.5    -1.61974440e-10  6.72143036e-08  1.17127082e-06  0.95  3.07827728e-07  6.24539699e-06  9.87629487e-07 
58.5    -1.01763203e-09  4.54759489e-07  1.65241671e-05  0.91  3.09599754e-06  5.17765048e-05  7.56387751e-06 
59.5    -1.56307209e-10  6.36007172e-08  3.86630485e-06  0.92  3.58530411e-07  8.63181843e-06  9.37884894e-07 
60.5    -6.00806861e-10  2.63372194e-07  5.64617215e-07  0.94  1.45080898e-06  2.08460181e-05  4.17594711e-06 
61.5    -6.04959878e-10  2.45041951e-07 -1.62883930e-06  0.94  1.21428067e-06  1.66995800e-05  3.53501944e-06 
62.5    -6.49554222e-10  2.79301792e-07  1.91126658e-05  0.89  2.08911118e-06  4.04745971e-05  4.57033940e-06 
63.5    -4.82850036e-10  1.71382019e-07  2.02470800e-05  0.75  1.67842699e-06  3.23622874e-05  2.54252816e-06 
64.5    -1.06653492e-10  4.22914685e-08  1.50553273e-06  0.94  2.03369385e-07  4.64237669e-06  5.93258817e-07 
65.5    -8.18714565e-11  3.40516816e-08  1.66550540e-06  0.94  1.76539694e-07  4.23832939e-06  5.08370351e-07 
66.5    -9.90389288e-11  4.04518744e-08  1.56394010e-06  0.94  1.96591466e-07  4.59938255e-06  5.87713968e-07 
67.5    -9.41472141e-11  3.78395774e-08  8.82049866e-07  0.94  1.80481835e-07  3.70375496e-06  5.38704384e-07 
68.5    -8.29145674e-11  3.45290364e-08  5.19960242e-06  0.82  3.44043640e-07  7.80972575e-06  5.93915168e-07 
69.5    -1.37956080e-10  5.60239688e-08  1.65024766e-06  0.94  2.65869617e-07  5.84486892e-06  8.06603344e-07 
70.5    -1.01440668e-10  4.37751602e-08  9.44754103e-06  0.79  4.90083335e-07  1.27999032e-05  8.05797248e-07 
71.5    -8.82187053e-11  3.44490090e-08  2.44945919e-06  0.92  1.89763276e-07  4.98879527e-06  4.83419304e-07 
72.5    -1.38052514e-10  5.94292750e-08  4.19292916e-07  0.95  2.87817244e-07  4.96650670e-06  9.12641269e-07 
73.5    -4.91176916e-11  2.32864269e-08  1.44437460e-06  0.94  1.39806401e-07  3.28473841e-06  3.99881515e-07 
74.5    -6.46953103e-11  2.83325477e-08  2.59377737e-06  0.93  1.66218244e-07  4.77483049e-06  4.52442015e-07 
75.5    -7.34309741e-11  3.29461087e-08  4.00460892e-06  0.90  2.45820894e-07  6.56200636e-06  5.59004853e-07 
76.5    -3.05657856e-11  2.93068006e-08  1.40723930e-05  0.74  6.32637967e-07  1.67566391e-05  9.41485344e-07 
77.5     5.43557600e-11  2.19484499e-08  1.18134495e-05  0.89  5.64382540e-07  1.47335837e-05  1.22869976e-06 
78.5    -8.51779066e-11  5.79401798e-08  1.63692915e-05  0.82  8.43951888e-07  2.13846038e-05  1.46588306e-06 
79.5    -2.21722606e-10  8.88851417e-08  8.27783879e-06  0.89  6.07167204e-07  1.48992983e-05  1.33440333e-06 
80.5    -1.65576278e-10  7.79627572e-08  5.66367756e-06  0.94  4.44114376e-07  1.18118823e-05  1.32302667e-06 
81.5    -1.92487027e-10  8.70304770e-08  5.81788594e-06  0.93  5.12896384e-07  1.25910398e-05  1.43182103e-06 
82.5    -2.51845067e-10  1.14456368e-07  6.30086163e-06  0.94  6.49515749e-07  1.52237537e-05  1.88287975e-06 
83.5    -4.38140196e-10  1.97591643e-07  1.99037756e-05  0.90  1.48395770e-06  3.52681357e-05  3.37120613e-06 
84.5    -3.73488547e-10  1.70436208e-07  8.14608828e-06  0.94  9.68131273e-07  2.14511543e-05  2.81432117e-06 
85.5    -4.33366783e-10  2.09399580e-07  9.28690005e-06  0.94  1.21724813e-06  2.59340404e-05  3.63794345e-06 
86.5    -4.84412766e-10  2.36665683e-07  1.09788284e-05  0.94  1.44126953e-06  2.98570117e-05  4.17006337e-06 
87.5    -4.83254202e-10  2.68350608e-07  1.39973835e-05  0.94  1.85920378e-06  3.61805047e-05  5.25051849e-06 
88.5    -6.21282703e-10  3.37561898e-07  1.45738166e-05  0.94  2.27765383e-06  4.23205476e-05  6.49304115e-06 
89.5    -6.68966301e-10  3.86462205e-07  1.63709915e-05  0.93  2.80715372e-06  4.86356358e-05  7.78935400e-06 
90.5    -9.40447671e-10  4.91524881e-07  1.81668436e-05  0.93  3.38519060e-06  5.81473195e-05  9.23916105e-06 
91.5    -7.89804624e-10  4.23827993e-07  1.56806295e-05  0.94  2.81369582e-06  5.04033847e-05  8.07064382e-06 
92.5    -2.51717440e-10  1.25207391e-07  7.46452895e-06  0.95  7.21226067e-07  1.75056936e-05  2.22304655e-06 
93.5    -2.52576412e-10  1.27365730e-07  7.86103295e-06  0.95  7.08295267e-07  1.81162792e-05  2.27692209e-06 
94.5    -1.68630601e-10  8.97996451e-08  6.01452925e-06  0.95  5.30470738e-07  1.33563232e-05  1.67943262e-06 
95.5    -1.71120327e-10  8.22690427e-08  4.20933726e-06  0.95  4.36420483e-07  1.07395600e-05  1.41001178e-06 
96.5    -1.16976002e-10  5.79214134e-08  3.16068207e-06  0.95  3.17857028e-07  7.79951373e-06  1.01977392e-06 
97.5    -9.42103907e-10  7.84156346e-07  6.35681772e-05  0.89  9.05302834e-06  1.33926426e-04  1.99277615e-05 
98.5    -1.74979936e-10  9.39505851e-08  8.37957920e-06  0.94  6.18586716e-07  1.60777696e-05  1.78790601e-06 
99.5    -3.06874683e-10  1.63261897e-07  1.00132945e-05  0.95  9.92576035e-07  2.33577303e-05  3.06033738e-06 
100.5    -2.08354284e-10  1.12300476e-07  1.82943275e-06  0.95  6.70876385e-07  1.10406327e-05  2.11985029e-06 
101.5    -2.22515562e-10  1.04514427e-07  5.86589870e-06  0.95  5.33557018e-07  1.41015205e-05  1.75010924e-06 
102.5    -1.34390246e-09  8.98461854e-07  3.81054263e-05  0.92  7.66619612e-06  1.15604682e-04  1.99513547e-05 
103.5    -1.01901721e-09  6.79827099e-07  4.51530159e-05  0.94  5.22679531e-06  1.03768081e-04  1.48707769e-05 
104.5    -4.18859821e-10  1.89817197e-07  3.18890523e-06  0.95  9.38122529e-07  1.79727820e-05  3.06936319e-06 
105.5    -2.54275033e-10  1.20088332e-07  6.60009868e-06  0.96  5.89125254e-07  1.60793935e-05  2.01324949e-06 
106.5    -2.43809593e-10  1.18160635e-07  7.74794070e-06  0.96  5.90449142e-07  1.71502611e-05  2.02761765e-06 
107.5    -2.33163874e-10  1.20516330e-07  9.87441885e-06  0.95  6.87291920e-07  1.96468283e-05  2.19948260e-06 
108.5    -3.69477413e-10  2.17542411e-07  1.10904940e-05  0.96  1.26819431e-06  2.93359918e-05  4.33105561e-06 
109.5    -2.81707873e-10  1.45887138e-07  9.82531461e-06  0.95  7.99552250e-07  2.16613614e-05  2.65626183e-06 
110.5    -9.10934796e-11  1.04423228e-07  1.44644224e-05  0.92  1.08652364e-06  2.42385150e-05  2.83154761e-06 
111.5    -1.66854605e-10  1.18197160e-07  1.27341149e-05  0.95  8.46551633e-07  2.30466373e-05  2.63501974e-06 
112.5    -1.97256040e-10  1.22023811e-07  1.39870362e-05  0.95  8.24895534e-07  2.43389736e-05  2.53311312e-06 
113.5    -1.84532308e-10  1.04923564e-07  7.42101884e-06  0.95  6.63927760e-07  1.61465226e-05  2.06156366e-06 
114.5    -1.82255068e-10  1.00964734e-07  1.09676338e-05  0.95  5.83301149e-07  1.93087339e-05  1.93439818e-06 
115.5    -1.79977830e-10  9.70059057e-08  1.45142487e-05  0.95  5.79507535e-07  2.24709451e-05  1.83114093e-06 
116.5    -1.14063699e-10  6.14789756e-08  2.11095772e-05  0.95  3.67271760e-07  2.61522553e-05  1.16051357e-06 
117.5    -1.19813939e-09  5.28441463e-07  5.22879409e-05  0.95  2.46827715e-06  9.30679497e-05  8.28511607e-06 
118.5    -3.17606335e-10  1.43250820e-07  2.42879319e-05  0.95  6.91404625e-07  3.54273024e-05  2.30120237e-06 
119.5    -5.07968379e-10  2.73788903e-07  3.79524397e-05  0.95  1.63559867e-06  6.04093734e-05  5.16820150e-06 
120.5    -3.91694650e-09  1.76667070e-06  4.67276673e-05  0.95  8.52689227e-06  1.84106284e-04  2.83800599e-05 
121.5    -2.10473407e-08  3.12348452e-05  4.59160841e-03  0.91  3.68717499e-04  7.58824358e-03  9.05917725e-04 
122.5    -9.24069369e-10  4.16785440e-07  4.09787537e-05  0.95  2.01162816e-06  7.33885328e-05  6.69530305e-06 
123.5    -6.22067015e-10  2.80572523e-07  2.53756139e-05  0.95  1.35419220e-06  4.71932990e-05  4.50715857e-06 
124.5    -4.72854326e-10  2.13272731e-07  1.79398692e-05  0.95  1.02936761e-06  3.45242348e-05  3.42604474e-06 
125.5    -2.37088928e-10  1.27788104e-07  2.05651276e-05  0.95  7.63398559e-07  3.10466662e-05  2.41220391e-06 
126.5    -7.26808556e-10  3.27814376e-07  1.76920985e-05  0.95  1.58220650e-06  4.31833717e-05  5.26605868e-06 
127.5    -1.57815999e-10  8.50609426e-08  1.52935833e-05  0.95  5.08149030e-07  2.22705203e-05  1.60566073e-06 
128.5    -1.17377545e-10  6.32650980e-08  1.23296767e-05  0.95  3.77941945e-07  1.75188575e-05  1.19422946e-06 
129.5    -5.73834119e-11  7.57079693e-08  1.75886126e-05  0.93  7.63296694e-07  2.47769406e-05  2.10253704e-06 
130.5    -1.24053248e-09  5.70638506e-07  1.20965081e-04  0.91  4.16222369e-06  1.65629011e-04  9.84156890e-06 
131.5    -2.12721218e-10  9.61118248e-08  1.95150657e-05  0.91  6.62435421e-07  2.69932236e-05  1.61713086e-06 
132.5    -1.07001857e-10  6.29334120e-08  1.62571838e-05  0.90  5.67873985e-07  2.15341197e-05  1.32502468e-06 
133.5    -8.94382834e-10  8.71939234e-07  1.31975911e-04  0.94  7.54203153e-06  2.12014742e-04  2.21787953e-05 
134.5    -8.35494200e-11  6.28665121e-08  1.35754292e-05  0.88  7.29144198e-07  1.91216485e-05  1.54745814e-06 
135.5    -1.25088026e-10  8.54845405e-08  3.77824430e-05  0.90  8.81264590e-07  4.51888654e-05  1.97963719e-06 
136.5    -9.79967900e-11  7.22954986e-08  2.10731394e-05  0.90  7.68205303e-07  2.74286335e-05  1.73504611e-06 
137.5    -1.24013546e-10  7.97949440e-08  2.37165611e-05  0.91  7.11357554e-07  3.05446286e-05  1.75299027e-06 
138.5    -7.39876006e-11  5.55570063e-08  2.54832371e-05  0.87  6.99090195e-07  3.03827999e-05  1.39318712e-06 
139.5    -9.49205508e-10  4.89958571e-07  4.33705249e-05  0.96  2.54613277e-06  8.30851459e-05  8.85885310e-06 
140.5    -5.67937224e-10  3.05432744e-07  4.62582464e-05  0.95  1.88073609e-06  7.12958663e-05  5.77496557e-06 
141.5    -2.43621952e-10  1.13736869e-07  3.27628394e-05  0.90  8.95784614e-07  4.17078484e-05  2.01357867e-06 
142.5    -1.95955912e-10  1.01825495e-07  3.75119030e-05  0.83  1.18926525e-06  4.57810408e-05  2.13466834e-06 
143.5    -2.46624207e-10  1.15175318e-07  4.23845795e-05  0.88  1.00877166e-06  5.14436463e-05  2.08673067e-06 
144.5    -1.61278923e-10  8.93582633e-08  4.38438448e-05  0.86  9.81989792e-07  5.12263811e-05  1.90503368e-06 
145.5    -2.75726953e-10  1.38512452e-07  4.32208222e-05  0.89  1.19372564e-06  5.43612645e-05  2.63204993e-06 
146.5    -2.43757781e-10  1.36559581e-07  5.45324615e-05  0.89  1.27366067e-06  6.58465944e-05  2.81850196e-06 
147.5    -2.46147842e-10  1.39066818e-07  7.11427892e-05  0.89  1.35250470e-06  8.26892118e-05  2.90901255e-06 
148.5    -3.12927956e-10  1.56053330e-07  7.20397030e-05  0.87  1.51332205e-06  8.45640463e-05  3.03125629e-06 
149.5    -2.31230729e-10  1.24944106e-07  6.58375866e-05  0.83  1.51364906e-06  7.60927034e-05  2.70456745e-06 
150.5    -2.43791216e-10  1.21205065e-07  7.57760769e-05  0.80  1.52268475e-06  8.54948558e-05  2.54125535e-06 
151.5    -1.94987017e-10  1.16236962e-07  8.38650446e-05  0.80  1.65675848e-06  9.36425949e-05  2.77815471e-06 
152.5    -4.33361801e-10  2.37558655e-07  9.63535070e-05  0.91  2.01495486e-06  1.15925748e-04  4.75487881e-06 
153.5    -1.73871412e-10  1.71988954e-07  1.12191003e-04  0.88  2.21903105e-06  1.28008535e-04  4.69056883e-06 
154.5    -1.16988909e-09  6.16487236e-07  1.70987119e-04  0.93  4.36900801e-06  2.21245683e-04  1.16979781e-05 
155.5    -2.55020760e-10  2.92214578e-07  1.64242591e-04  0.92  3.20494890e-06  1.91592827e-04  7.98751462e-06 
156.5    -4.53027932e-10  2.51428725e-07  1.68458783e-04  0.85  2.85808410e-06  1.89240150e-04  5.41448554e-06 
157.5    -1.72784194e-10  1.48582781e-07  1.57486859e-04  0.77  2.79008511e-06  1.70885866e-04  4.40229704e-06 
158.5    -2.29772147e-10  1.46877406e-07  1.54423418e-04  0.74  2.69140338e-06  1.66974050e-04  3.98430399e-06 
159.5    -9.39400590e-11  1.10698536e-07  1.54968996e-04  0.73  2.59598688e-06  1.65361412e-04  3.81149997e-06 
160.5    -8.39077851e-11  1.26638098e-07  1.71073746e-04  0.77  2.80522066e-06  1.83240058e-04  4.38098305e-06 
161.5    -1.98721268e-10  1.37610016e-07  2.05647262e-04  0.65  3.39322701e-06  2.17600968e-04  4.44555282e-06 
162.5    -4.73652596e-10  2.82618134e-07  2.23170447e-04  0.82  3.76275218e-06  2.46948709e-04  6.60257317e-06 
163.5    -1.55191039e-10  2.30331717e-07  2.39080251e-04  0.83  4.07902394e-06  2.61178201e-04  7.33970917e-06 
164.5    -4.04165128e-10  3.37772150e-07  2.81318936e-04  0.86  4.56771102e-06  3.11644808e-04  8.91739835e-06 
165.5    -7.73823055e-12  2.97227900e-07  4.63250839e-04  0.76  7.93202201e-06  4.94034434e-04  1.22129975e-05 
166.5     4.07530120e-11  8.57496540e-08  3.29404588e-04  0.51  5.05815432e-06  3.38791894e-04  5.87804725e-06 
167.5    -2.04674881e-10  3.39319234e-07  3.67674446e-04  0.81  6.73876290e-06  4.00510703e-04  1.13752735e-05 
168.5    -4.43360209e-10  2.79935936e-07  4.04891772e-04  0.66  6.38829474e-06  4.28748215e-04  8.46866857e-06 
169.5     1.21153174e-10  2.01744392e-07  5.46199225e-04  0.64  8.70736220e-06  5.68582545e-04  1.13197394e-05 
170.5    -5.85190609e-10  4.32779772e-07  6.13206686e-04  0.68  1.01094842e-05  6.51269342e-04  1.37512452e-05 
171.5    -5.06522331e-10  4.47020613e-07  6.17992427e-04  0.70  1.06043009e-05  6.58460948e-04  1.48117955e-05 
172.5    -3.24768827e-10  3.72615949e-07  6.98235220e-04  0.60  1.23238287e-05  7.33115678e-04  1.54570430e-05 
173.5     5.76888817e-11  2.79814116e-07  6.97522794e-04  0.61  1.18627791e-05  7.27268149e-04  1.50237895e-05 
174.5    -1.17218795e-10  3.92089797e-07  8.58418577e-04  0.61  1.50705494e-05  8.97766504e-04  1.89340388e-05 
175.5    -1.37607193e-10  5.06896902e-07  1.04781557e-03  0.60  1.97468460e-05  1.09884901e-03  2.47498355e-05 
176.5    -8.96657609e-10  6.78269058e-07  1.12910891e-03  0.59  2.01888857e-05  1.18900333e-03  2.50067347e-05 
177.5     1.32627992e-09  1.79727927e-07  1.42010797e-03  0.47  2.90878237e-05  1.45439881e-03  3.29424252e-05 
178.5     1.98167580e-09  8.00937083e-08  1.59925973e-03  0.48  3.18302836e-05  1.63092052e-03  3.61888768e-05 
179.5     1.18969584e-09  3.52847586e-07  1.62399680e-03  0.54  3.13644235e-05  1.67466180e-03  3.71324454e-05 
180.5    -1.61188575e-09  1.46962414e-06  2.01940644e-03  0.62  4.36405768e-05  2.15307912e-03  5.55577034e-05 
181.5    -3.61654690e-09  2.50708549e-06  2.31968020e-03  0.66  5.98817371e-05  2.53750811e-03  7.95418341e-05 
182.5     1.44002194e-10  8.58952566e-07  2.34991118e-03  0.46  5.34544458e-05  2.44083155e-03  6.03649995e-05 
183.5    -5.43430484e-10  9.53841592e-07  2.52448745e-03  0.45  5.15037308e-05  2.61716760e-03  5.76847272e-05 
184.5    -1.30322879e-09  9.76484389e-07  2.20300301e-03  0.47  3.95649715e-05  2.28908597e-03  4.48622662e-05 
185.5    -1.62506964e-09  1.13882183e-06  2.50603519e-03  0.44  4.83075423e-05  2.60519029e-03  5.38955205e-05 
186.5    -1.89245396e-09  1.37388136e-06  2.88406355e-03  0.44  5.91202561e-05  3.00448624e-03  6.59932493e-05 
187.5     6.84720021e-10  6.10050906e-07  3.29718092e-03  0.35  6.56653209e-05  3.36861527e-03  6.99805928e-05 
188.5     1.53237630e-09  8.38490308e-07  3.18211645e-03  0.46  7.35219971e-05  3.28726414e-03  8.25982604e-05 
189.5     7.23049173e-09 -4.24163156e-07  2.42571457e-03  0.51  6.85476734e-05  2.46681811e-03  7.96655742e-05 
