% AIM-UV model = based on TIMED data 22.01.2002-31.12.2016 :  
% I(f) = p1*f^2 + p2*f + p3
% I - observed photon flux,  [m^-2 nm^-1]
% f = f107 - measured solar radio flux at 10.7 cm,  [10^-22 W m^-2]

% #       range         p1              p2              p3              CC    RMSE            I_aver          std
  1   5.000  10.000    -7.22814128e+06  4.34844365e+09 -1.63154083e+11  0.96  2.49833157e+10  2.06996206e+11  9.17403773e+10 
  2  10.000  15.000    -1.72793713e+08  1.06538527e+11 -2.83695953e+12  0.96  6.38391466e+11  6.28492623e+12  2.28927358e+12 
  3  15.000  20.000    -1.79873111e+09  1.05716281e+12 -2.74337230e+13  0.96  6.09484906e+12  6.20425874e+13  2.19780747e+13 
  4  20.000  25.000    -1.67014302e+09  9.88384185e+11 -3.90160466e+13  0.96  5.65031654e+12  4.47817100e+13  2.06271583e+13 
  5  25.630     NaN    -2.42136993e+08  1.44676220e+11 -7.27167455e+12  0.96  8.22340432e+11  5.02314390e+12  3.03667150e+12 
  6  28.415     NaN    -2.15749026e+08  1.47186233e+11 -5.25550336e+12  0.92  1.36257538e+12  7.63952379e+12  3.51652256e+12 
  7  25.000  30.000    -8.49047253e+08  4.39836923e+11 -1.07767192e+13  0.96  2.37564549e+12  2.52266460e+13  8.32298695e+12 
  8  30.378     NaN    -1.05374887e+09  6.15749059e+11  2.21870265e+13  0.94  4.36129879e+12  7.42605046e+13  1.30403153e+13 
  9  30.000  35.000    -5.78821182e+08  4.09300016e+11 -7.39277758e+12  0.93  3.67860958e+12  2.87279678e+13  9.90261248e+12 
 10  36.807     NaN    -3.67641064e+08  2.23500665e+11 -3.44107714e+12  0.93  1.76712865e+12  1.56440628e+13  4.91391185e+12 
 11  35.000  40.000    -5.27393084e+08  2.60815376e+11 -4.81963679e+12  0.94  1.61468490e+12  1.62333826e+13  4.81191123e+12 
 12  40.000  45.000    -1.76485806e+08  9.43602417e+10  1.20746026e+12  0.95  5.78446944e+11  9.00158819e+12  1.85090677e+12 
 13  46.512     NaN    -9.16428947e+06  1.10576870e+10  3.46127070e+12  0.84  1.99324850e+11  4.51729272e+12  3.63270235e+11 
 14  45.000  50.000    -3.28417068e+08  1.54464379e+11  2.70338559e+11  0.96  7.65976697e+11  1.25395826e+13  2.66555020e+12 
 15  50.000  55.000    -4.35029980e+08  1.94267789e+11 -9.12633707e+11  0.96  9.17807984e+11  1.42459221e+13  3.16886449e+12 
 16  55.437     NaN    -7.45540942e+07  2.70143268e+10  6.20498828e+12  0.60  4.21493552e+11  8.13873823e+12  5.24907961e+11 
 17  58.433     NaN    -2.67242090e+08  1.26513904e+11  5.22846617e+12  0.91  9.60988214e+11  1.52992257e+13  2.31427698e+12 
 18  55.000  60.000    -1.11331394e+08  4.91943896e+10  2.59480808e+12  0.94  2.86378660e+11  6.41892784e+12  8.10904841e+11 
 19  60.976     NaN    -1.75317009e+08  7.84311521e+10  2.56019089e+11  0.94  4.50958343e+11  6.37985576e+12  1.30729964e+12 
 20  62.973     NaN    -1.95380036e+08  8.57116193e+10  6.10932407e+12  0.89  6.88675932e+11  1.27546805e+13  1.48042354e+12 
 21  60.000  65.000    -3.18739604e+08  1.31380748e+11  7.10288562e+12  0.90  8.93006924e+11  1.70505187e+13  2.05956099e+12 
 22  65.000  70.000    -1.54464890e+08  6.57942854e+10  3.90335230e+12  0.93  3.82370215e+11  8.94891417e+12  1.04281430e+12 
 23  70.331     NaN    -3.92892316e+07  1.62255869e+10  3.31133072e+12  0.78  1.84543928e+11  4.54080057e+12  2.94710217e+11 
 24  70.000  75.000    -1.17284653e+08  5.16415922e+10  2.62008424e+12  0.94  2.82746960e+11  6.62929638e+12  8.41960154e+11 
 25  76.515     NaN    -2.80655392e+07  1.48549365e+10  5.22726113e+12  0.72  2.63413854e+11  6.45078461e+12  3.80379032e+11 
 26  77.041     NaN    -1.42682444e+07  1.64116032e+10  4.19804672e+12  0.88  2.42046487e+11  5.75711481e+12  5.06589621e+11 
 27  78.936     NaN    -5.13752841e+07  2.67845754e+10  6.25669926e+12  0.81  3.56475663e+11  8.45325481e+12  6.04685046e+11 
 28  75.000  80.000    -1.09163517e+08  4.63578518e+10  4.91238247e+12  0.89  3.39676578e+11  8.46334328e+12  7.60969176e+11 
 29  80.000  85.000    -5.71385988e+08  2.65288858e+11  1.93295978e+13  0.94  1.62478581e+12  4.03108423e+13  4.62034145e+12 
 30  85.000  90.000    -1.26716263e+09  6.53242857e+11  2.77927431e+13  0.94  4.18839876e+12  8.11883578e+13  1.25175101e+13 
 31  90.000  95.000    -1.14503862e+09  5.87977430e+11  2.50221903e+13  0.95  3.62200988e+12  7.30275866e+13  1.11832759e+13 
 32  97.762     NaN    -4.60750790e+08  3.84479195e+11  3.11115764e+13  0.90  4.64901797e+12  6.60695891e+13  1.04349424e+13 
 33  95.000 100.000    -3.84402107e+08  1.97008185e+11  1.26370475e+13  0.95  1.14344491e+12  2.87125512e+13  3.71910750e+12 
 34 102.572     NaN    -7.45028477e+08  4.75205812e+11  1.89621526e+13  0.93  4.08952635e+12  5.99948060e+13  1.08569371e+13 
 35 103.191     NaN    -6.18608147e+08  3.73585739e+11  2.24459796e+13  0.94  2.81357100e+12  5.42965172e+13  8.13211611e+12 
 36 100.000 105.000    -4.16550795e+08  2.04940624e+11  5.82827246e+12  0.96  1.07697392e+12  2.23445532e+13  3.70427841e+12 
 37 122.000     NaN    -2.81408845e+10  2.25475006e+13  2.62203706e+15  0.92  2.35540620e+14  4.65824506e+15  5.87586150e+14 
